2.547368584110837331e-01
1.204425019501782768e-02
-2.234887268275660872e-03
8.878445148825646685e-03
1.326739405500386958e-02
9.691746783080464403e-03
-8.223611841054872043e-03
6.620360132627812859e-03
7.340789402315653356e-03
2.098316724380129839e-01
1.436495440559722725e-01
2.895119363630626053e-01
2.087791457060998446e-01
1.273272269790103606e-01
-3.568553659550792803e-03
1.921180866223021200e-01
7.099197613646100746e-02
0.000000000000000000e+00
1.420435360016440995e-01
2.284573969087004830e-01
2.239571992183151117e-01
1.202012794554490754e-01
1.372981002292056885e-01
2.739553806615536557e-03
2.739553806615549567e-03
2.174634058596731923e-01
9.985428831018744456e-02
8.928613002624657957e-02
5.279499986779210424e-03
1.025176410732506482e-01
2.156718474574284283e-01
9.929086437067581594e-02
4.847656801647547142e-02
2.295530077802897598e-02
4.967727652215497142e-02
1.707750211363484871e-01
-1.472798626788507717e-02
-1.559943541351041345e-02
-8.145015855419547937e-03
7.726053720139897107e-02
9.666835200285421592e-02
8.587402252694971427e-02
2.510377235130878404e-01
2.460744332404341539e-01
2.567863564837870594e-01
-2.043383728411486411e-01
-1.972470051254237022e-01
1.637845981369781545e-01
1.886365616188416250e-01
1.199741536775462136e-01
