1.383501819634152911e-02
3.748769224003721816e-04
3.951567033127254642e-04
7.347281757419912076e-06
8.184886358658049164e-04
4.580913824217741409e-04
2.842818727371593436e-07
2.749256231307606151e-04
2.714049720464010995e-04
9.525098992537253412e-04
7.400996638105377095e-04
8.861558537323175333e-01
2.758407266423848307e-03
1.057864636806618228e-03
9.009460928236987225e-05
1.375493321890053008e-03
2.000149114526074499e-03
0.000000000000000000e+00
5.492322267860246139e-04
1.499734168831945783e-03
2.745190561272666582e-04
3.573616590695513715e-04
2.258624475484599214e-04
1.453810829080195130e-05
1.660696686942106725e-05
1.492546007335844582e-03
2.995622103017826776e-04
9.769900881574206629e-04
2.161827099078609963e-04
4.323011030345913367e-04
2.615167606249762470e-03
6.946086164903526785e-04
6.616005102300372381e-05
2.743134949736627794e-05
1.679235184576584761e-04
2.821633867352370305e-04
1.191321141094940304e-05
1.253223570576719192e-07
0.000000000000000000e+00
1.170906198887911349e-05
3.909136918442126184e-04
1.968716497193973621e-04
1.987146925787808965e-02
1.803708492990476961e-02
3.591468289831989402e-02
1.925961702454689157e-03
8.896194352961937519e-04
2.215524239001508708e-04
5.190605062588720710e-04
2.340783844923158654e-04
