6.376973889449340238e-02
1.440395367135083315e-02
1.082015087996965851e-02
2.766979387613876899e-03
5.069976109917195481e-03
1.605457546868129665e-02
2.992875881958778454e-03
1.834670565148477372e-02
1.383347365749667580e-02
1.395989150617689065e-02
2.489911706510525985e-02
5.095237407786847722e-02
3.705707182274602107e-02
2.049575157749001716e-02
5.383243515362789999e-03
3.901095470021982703e-02
2.430879585316498767e-02
0.000000000000000000e+00
4.959760914904674106e-02
1.162002140728828417e-02
1.275689805565978149e-02
4.175658782319493362e-02
3.129197360427773272e-02
1.222576499900647137e-02
1.222576499900647137e-02
4.014886268621231658e-02
3.470096349998470775e-02
2.751812680390443994e-02
1.364765515783727956e-02
1.585300409585830433e-02
3.899001889892885625e-02
2.170621986530141267e-02
7.856479778540115602e-03
9.769936656308564685e-03
2.242319856445025225e-02
2.486183079989214700e-02
6.458536570315920322e-03
9.648186545646586509e-04
2.667723798655541323e-03
1.668860042081277140e-02
1.637228790885352295e-02
2.167802564276542082e-02
2.102408074297426599e-01
2.891410391071994046e-01
5.250477398895377068e-02
9.586420860945544034e-03
8.283262141663616171e-03
8.638032363251890722e-03
1.196274381279032253e-02
1.492041711229057446e-02
