3.500000000000000000e+01 3.200000000000000000e+01 5.000000000000000000e+00 5.000000000000000000e+00 6.000000000000000000e+00 1.400000000000000000e+01 1.500000000000000000e+01 1.841974255558535106e+03 1.594123594122638315e+04 1.646675651536215082e+04 3.246753246753246447e-02
3.500000000000000000e+01 3.200000000000000000e+01 5.000000000000000000e+00 5.000000000000000000e+00 6.000000000000000000e+00 1.400000000000000000e+01 1.500000000000000000e+01 1.991035331587279416e+03 1.359202565426492947e+04 1.380941452158514767e+04 2.597402597402597574e-02
3.500000000000000000e+01 3.200000000000000000e+01 5.000000000000000000e+00 5.000000000000000000e+00 6.000000000000000000e+00 1.400000000000000000e+01 1.500000000000000000e+01 3.280918526980056413e+03 6.015146064320709229e+03 6.681521980844871905e+03 3.896103896103896014e-02
3.500000000000000000e+01 3.200000000000000000e+01 5.000000000000000000e+00 5.000000000000000000e+00 6.000000000000000000e+00 1.400000000000000000e+01 1.500000000000000000e+01 3.139686524852266757e+03 6.408114912709116652e+03 8.491863788399232362e+03 4.545454545454545581e-02
3.500000000000000000e+01 3.200000000000000000e+01 5.000000000000000000e+00 5.000000000000000000e+00 6.000000000000000000e+00 1.400000000000000000e+01 1.500000000000000000e+01 1.997149756177769859e+03 1.344873343898824351e+04 1.400751033438904778e+04 3.246753246753246447e-02
3.500000000000000000e+01 3.200000000000000000e+01 5.000000000000000000e+00 5.000000000000000000e+00 6.000000000000000000e+00 1.400000000000000000e+01 1.500000000000000000e+01 1.825327050392395449e+03 1.612301933845290478e+04 1.682692122856495916e+04 4.545454545454545581e-02
3.500000000000000000e+01 3.200000000000000000e+01 5.000000000000000000e+00 5.000000000000000000e+00 6.000000000000000000e+00 1.400000000000000000e+01 1.500000000000000000e+01 2.959587769871748151e+03 5.727262089268620002e+03 7.693193564788940421e+03 4.545454545454545581e-02
3.500000000000000000e+01 3.200000000000000000e+01 5.000000000000000000e+00 5.000000000000000000e+00 6.000000000000000000e+00 1.400000000000000000e+01 1.500000000000000000e+01 3.549525976074955452e+03 5.214247621067703221e+03 6.611297353377120089e+03 3.246753246753246447e-02
3.500000000000000000e+01 3.200000000000000000e+01 5.000000000000000000e+00 5.000000000000000000e+00 6.000000000000000000e+00 1.400000000000000000e+01 1.500000000000000000e+01 2.967135546997633355e+03 7.132815557372278818e+03 9.196410736404959607e+03 3.896103896103896014e-02
3.500000000000000000e+01 3.200000000000000000e+01 5.000000000000000000e+00 5.000000000000000000e+00 6.000000000000000000e+00 1.400000000000000000e+01 1.500000000000000000e+01 3.016649929801485996e+03 5.526038881615108039e+03 7.432193530105115315e+03 4.545454545454545581e-02
