3.600000000000000000e+01 3.200000000000000000e+01 5.000000000000000000e+00 6.000000000000000000e+00 3.510375792245107732e+03 5.432560325844521685e+03 6.403766181871255867e+03
3.600000000000000000e+01 3.200000000000000000e+01 5.000000000000000000e+00 6.000000000000000000e+00 3.590405605933276092e+03 5.469071812256442172e+03 6.834501681477023340e+03
3.600000000000000000e+01 3.200000000000000000e+01 5.000000000000000000e+00 6.000000000000000000e+00 2.160476573420798104e+03 1.692664223080266311e+04 1.763565442583914046e+04
3.600000000000000000e+01 3.200000000000000000e+01 5.000000000000000000e+00 6.000000000000000000e+00 3.677969569809140467e+03 6.621866219830119007e+03 7.320768589037711536e+03
3.600000000000000000e+01 3.200000000000000000e+01 5.000000000000000000e+00 6.000000000000000000e+00 1.962789014599349684e+03 1.824465876949735684e+04 1.894714807067008587e+04
3.600000000000000000e+01 3.200000000000000000e+01 5.000000000000000000e+00 6.000000000000000000e+00 3.185684830981822870e+03 6.772024517773465050e+03 8.927847370551380664e+03
3.600000000000000000e+01 3.200000000000000000e+01 5.000000000000000000e+00 6.000000000000000000e+00 3.370736059991197180e+03 5.860296774518358689e+03 7.590084767504981755e+03
3.600000000000000000e+01 3.200000000000000000e+01 5.000000000000000000e+00 6.000000000000000000e+00 3.623819968172103927e+03 5.938763692068483579e+03 7.858668793096600893e+03
3.600000000000000000e+01 3.200000000000000000e+01 5.000000000000000000e+00 6.000000000000000000e+00 3.085171454931659355e+03 5.949712521120121892e+03 7.862034677868134168e+03
3.600000000000000000e+01 3.200000000000000000e+01 5.000000000000000000e+00 6.000000000000000000e+00 3.466217642341712690e+03 8.927458719276506599e+03 9.914182072974217590e+03
