1.513581422843184100e+03
1.662625578746132760e+03
2.039541797816941198e+03
6.990727274846575483e+02
9.719608676432038692e+02
5.072198652303985114e+02
7.675695321635370192e+02
7.126709832657619472e+02
5.510329193768670848e+02
2.146663073731297573e+03
3.750891892726900210e+02
1.564418223427382600e+03
2.267768525411777773e+03
1.985878346110821724e+02
1.578103075644563376e+02
3.748560130838956184e+02
3.836758542077994605e+01
5.290489025227263937e+02
2.054260334832550598e+03
6.199512827830078550e+02
2.883790602389165088e+02
4.049091605074978816e+03
0.000000000000000000e+00
2.919582926841632684e+02
3.393103812437244073e+02
2.452704598725612868e+03
5.094250834304880868e+02
4.415495240948616811e+02
0.000000000000000000e+00
1.802514857901802088e+03
2.891960726103319530e+02
1.213696243256952812e+03
1.291713554135895038e+03
0.000000000000000000e+00
2.716344375676077902e+02
7.402376139844720910e+02
0.000000000000000000e+00
6.578147575973505354e+02
4.597981664862784896e+02
8.598445826814820521e+02
4.495999535484079388e+02
2.998267786407756148e+02
0.000000000000000000e+00
8.280177085314290935e+02
1.268091800472864179e+03
8.049875151351676550e+02
1.148811235115714680e+03
6.617078801685157714e+02
4.340599356567191194e+02
4.745495255587695738e+02
1.157613187769212573e+03
1.157197829230381558e+03
1.535833128845785723e+03
1.420462670727678642e+03
4.860686086786295732e+02
5.670184983599478983e+02
1.667058410570583874e+03
2.241760038955103937e+03
5.203598832609669671e+02
3.058982698610462876e+02
5.603026657023011694e+02
5.679894554904539064e+02
4.379025029110731566e+02
3.881589241105473889e+02
4.088033645704049945e+02
5.053146960047182574e+02
2.609916119461410290e+03
1.790613416234052011e+03
5.641431062492202955e+02
2.343678513835066610e+02
3.329066486349911429e+02
5.779268206808817467e+02
7.263828602696953567e+02
0.000000000000000000e+00
6.260998416247042542e+02
6.095251464552176230e+02
1.224193633622365951e+03
4.457106172598792568e+02
5.385665668787218010e+02
2.787606458921125707e+01
2.891571379017637469e+02
0.000000000000000000e+00
3.962760407475346938e+02
3.014882433708418716e+02
8.233660790043239786e+02
7.355890547266387784e+02
4.695282353942496343e+02
1.255360159967454365e+03
4.151552840664448922e+02
0.000000000000000000e+00
1.993913708267074526e+03
1.862643403205998993e+03
1.353677868917427759e+03
4.116543473007045009e+02
1.141302327181872670e+03
7.757821540754102898e+02
5.957401299496364118e+02
5.652146748556253897e+02
4.123257668583903524e+02
1.367473088991897157e+03
1.622700859735241011e+03
1.173100999559580941e+03
0.000000000000000000e+00
2.372654530409398831e+03
2.452921554495281271e+03
3.322705833898228889e+02
4.744506963580665797e+02
8.688021112445669587e+02
1.369333147501623444e+03
1.071940302952978755e+03
1.444160134339984097e+03
1.016846202507802559e+03
3.952931891488273095e+02
6.744268482308400507e+02
8.354312975063613749e+02
4.909062061642939057e+02
4.973970302302223558e+02
5.164695515401152761e+02
0.000000000000000000e+00
1.868909229268109129e+03
1.271822652113775575e+03
2.748851467062911524e+02
2.584762156510847944e+03
2.198833218874368413e+03
3.192074788309165001e+02
3.913024813840649472e+02
0.000000000000000000e+00
0.000000000000000000e+00
2.268419782215151827e+03
1.757255086367039212e+03
9.554496037020769563e+02
5.517201094946467492e+02
1.714704705237161988e+03
1.785267296515327871e+03
2.924296859813928222e+03
1.947818578076533640e+03
1.086365862115403615e+03
1.579324262265908146e+03
1.315694739039783144e+03
7.221867954239762639e+02
9.436204903824186658e+02
6.977159448639504262e+02
1.653401064591809700e+03
1.462695883296267994e+03
7.307754766414818732e+02
5.995583340579571541e+02
1.317728362336061309e+03
1.333252525909536189e+03
1.472945363416177770e+03
0.000000000000000000e+00
9.995425399587779793e+02
7.330547396479165627e+02
2.740742166326627967e+02
1.509690514281333208e+03
0.000000000000000000e+00
2.091400339541056383e+03
0.000000000000000000e+00
2.195601482933332136e+02
9.342822457043367876e+02
1.828265794816815912e+02
1.779674245247475255e+03
3.010435727494701496e+03
2.503477062394623772e+03
1.349050115868407374e+03
1.081432458048082708e+03
6.544110263043389750e+02
6.419206130282442473e+02
7.557755930704826142e+02
2.942371403941798462e+02
9.641526473156443444e+02
9.615904943352314149e+03
1.681369051358668003e+03
2.860079242762117701e+03
4.773163154513431436e+03
3.543311668702132920e+03
1.563385333668314843e+03
1.583471765158959670e+03
2.250416290558493984e+03
1.938493265773985740e+03
6.469845592442941779e+03
6.782964473921473655e+03
5.781470107261007797e+03
7.644913256949010247e+03
1.075002850002207197e+04
8.637692456072905770e+03
1.020728680226835968e+04
1.715225564998950745e+02
6.116901568214864255e+02
5.221872471056661880e+02
3.067117131531381347e+03
9.556173615143721634e+01
2.698718639070320933e+03
2.458244298198910201e+03
4.501993645253635805e+03
6.791138164820011298e+03
7.256609088149765739e+03
6.524093024931687978e+03
1.175194458736748174e+03
2.023768818521641833e+03
3.337048924480142432e+03
5.456471466640449535e+02
1.370734552587494136e+03
1.018292290564173470e+02
8.896189771652472018e+02
5.553775491489818705e+03
4.155934499152513126e+03
5.726869706519132706e+02
1.756598820307761116e+03
2.605184889835237300e+03
6.496071122826695500e+03
9.458872894374351745e+03
1.025872397309685584e+04
4.995793442233886594e+02
3.302198175884092848e+02
6.784878005914079949e+03
9.551669319318967609e+03
1.302614081918403144e+03
7.584047189833622724e+03
8.740826466142949357e+03
1.164854927444105442e+03
2.177086732361947270e+03
3.300598325913264489e+03
5.730277353471765309e+03
9.510738221338153380e+03
1.618258540736405621e+03
2.692635278086092512e+03
1.503813080697426230e+01
2.860168908531863963e+03
4.234807749208950554e+03
1.110519091867325642e+03
7.710201215576713594e+02
5.438958256031541168e+03
2.811682617739123543e+03
2.994107163011399280e+03
2.210119477071770007e+02
3.273869173873089267e+02
1.240249262980458298e+03
0.000000000000000000e+00
1.200517643966353035e+03
1.906123961096118933e+02
3.878492177700191945e+01
2.274086589714615457e+03
6.355021250660272926e+03
1.253459208581809207e+03
1.458218946728855144e+03
6.730405619526471128e+03
4.474820754999839664e+03
5.411817886792379113e+02
4.623282559446483333e+02
5.167066981097995182e+01
1.654391689187330314e+02
2.389638525377752387e+02
6.999221126413918910e+02
1.374512576387751324e+02
2.131598817361364695e+02
3.418710075553492089e+01
7.172855198120896603e+01
8.232092568433176893e+01
1.657519789767263774e+03
3.644490021249060192e+03
3.712652625845954390e+03
3.314542020901533306e+03
3.210652212048359615e+03
3.829229473872789640e+03
4.798119189657625583e+01
8.226922655720225521e+03
2.226182268152668712e+03
2.858790620665854476e+03
1.732780670102366400e+02
3.603213659484776144e+03
3.033894834861566636e+01
7.968107439831226657e+03
1.119577402378289008e+02
3.090856550195719592e+03
4.870432381539737435e+03
3.650789155621064310e+03
3.403772158245118362e+01
5.121437457478504740e+01
3.013703783543570808e+03
8.585673116841308001e+03
2.178868935418295678e+03
3.346733594296996216e+03
5.542191561777626703e+03
1.892314289297464427e+02
2.508486305759715549e+02
1.813682217990027311e+03
1.663778688112834971e+03
2.456133055580072323e+03
2.498388355068012970e+03
2.888705071452440279e+03
3.712025467914300862e+03
3.746368158744427546e+03
4.640866686789915548e+03
2.225093493217203559e+03
3.718111472168935506e+03
3.670783008440521826e+03
6.461826832774423046e+00
4.817010791219590828e+02
0.000000000000000000e+00
4.729097550170959607e+02
1.878896305709393118e+03
3.261842251949067759e+03
2.900036623041387884e+03
3.600750031952916288e+02
2.390823891314192679e+03
1.105260939582788296e+03
2.312495533850315951e+03
2.077819339368198143e+03
5.458223921719853024e+03
3.382930315169112134e+01
1.817788274634246761e+02
3.408872363147187912e+02
4.466732309933575493e+02
3.401189601868146895e+01
3.589226155387332540e+01
5.812270290073234946e+02
9.009049931465137888e+02
3.427497238888279298e+03
1.024931005767547276e+03
3.199530206561157684e+03
1.757310765339849752e+02
2.119153547501124422e+02
6.276946028602000297e+03
1.418583601283739199e+03
4.062110848303877901e+03
3.507881411595268673e+03
2.069444905391609154e+03
1.071547210420068552e+02
2.226481242947763349e+03
3.492550208141712119e+03
4.423500508333346261e+03
4.341187600832572571e+03
4.738948590874359979e+03
4.072983286745234636e+03
2.592648599423390579e+02
5.435398951232527907e+02
4.737385498080156765e+01
3.849996666773354718e+03
9.266989288941686027e+02
2.617591903564266431e+02
1.734896381551152444e+02
1.933250690302196062e+03
1.031322037719309265e+03
2.733996001386169041e+02
1.212432994575859766e+03
6.154035747068791125e+02
3.673113803853045738e+02
5.656362876257276184e+02
5.636400397336381047e+02
0.000000000000000000e+00
2.479660543367037064e+02
3.043560997038953815e+02
6.373348234870444458e+02
3.151601562255697786e+02
2.978362956018062960e+03
3.661928011152819636e+03
1.223036064448864863e+03
9.381515062093902770e+02
5.575477772977113773e+02
4.336158724807849012e+02
5.357601735734065187e+02
5.643199665784974286e+02
1.222556143096223650e+03
1.487151850873156491e+03
3.133433829876533309e+03
1.441524382212001456e+03
7.172312688371141576e+02
1.364720969330879825e+03
1.433138640226549569e+03
0.000000000000000000e+00
2.878523719045329017e+02
3.996848962916228061e+02
3.205323236116309999e+02
8.217730813481467749e+02
0.000000000000000000e+00
0.000000000000000000e+00
1.951650449367277133e+03
3.067637278716245532e+02
1.412055807553799980e+02
2.373753414519709963e+02
1.895578839377341410e+03
2.294396823557149503e+02
2.167049419275373054e+02
1.657188392645863587e+03
9.389975041065093819e+02
2.141040390079031113e+03
9.624759307627092539e+02
1.566216743287446889e+03
1.383067429675821245e+02
1.892123828231711684e+02
4.573884520185743554e+02
8.991540576719470437e+02
7.766381538131182651e+02
1.052629697238935336e+02
2.243474667354539633e+02
1.431636806429274316e+02
2.882230212220169960e+02
6.719889380275798430e+03
1.615888611831289381e+03
8.297081065142000398e+02
2.178513550706282331e+03
1.568016137240766739e+02
1.133735569423905645e+02
9.748986149319372316e+02
1.589792126330580004e+03
2.054103965574308575e+02
1.592189356753594041e+02
3.005362028236243532e+03
1.303844304881242806e+03
1.291603762239898742e+03
1.675150502859577728e+03
8.997747953078068122e+02
6.081261277287294433e+02
3.654018619045072569e+02
0.000000000000000000e+00
2.584673892819484536e+03
7.405276694409012634e+02
1.052361328185034154e+03
2.320114871794513647e+02
2.441746443492776052e+03
2.684847530511278364e+03
1.338374224793510621e+03
1.914644631316039067e+03
7.600448973567398752e+03
7.449389341873037665e+03
1.785917711945334986e+03
7.910702628127470462e+02
2.439009147889562428e+02
2.985239886263339940e+03
6.207389973528438532e+02
0.000000000000000000e+00
2.764655876699066539e+03
1.760984978582252552e+03
1.860872812246750527e+03
1.227723964001648937e+03
1.788543517050143919e+03
2.368445563074240454e+03
1.609102934675141569e+03
2.035294924465969189e+03
6.504525922780248948e+02
1.493127073461900636e+03
2.907262165849748726e+03
2.462475075046804250e+03
1.712540493725452052e+03
2.484148438535287823e+03
2.721815722805295536e+03
1.746062524591697411e+03
5.769593761468116782e+02
8.592377236055166350e+02
1.981818768355374459e+03
8.250677562507772791e+02
1.579152003864182916e+03
5.310915093784252576e+02
5.022554048944525675e+02
1.596383232350525304e+03
8.475413079507061411e+02
1.178226194321750199e+03
2.655478821910462557e+02
2.334348010015431555e+03
1.132413701222084455e+03
1.118022131213649118e+03
1.190287922198418073e+03
2.152127438006573357e+03
7.746214409474887361e+02
8.157792084749727337e+02
8.619832455826161777e+01
1.036365707716877750e+03
4.242704088186677609e+02
1.164215967078132280e+03
1.622737804681401258e+03
1.197436485521822760e+04
6.794455356106235513e+02
2.422539295845908782e+03
1.986373298504332752e+03
3.514653754254350133e+02
6.282061097447464135e+02
1.091030799096336068e+03
1.647164599351017841e+03
2.937905860847138229e+03
1.018641657378511468e+03
1.996857761892739518e+03
3.725725461722694945e+03
3.188844396871900699e+03
3.229955130443087000e+03
3.084945478442835793e+03
5.379548644545402567e+03
2.771956817647023399e+03
1.838714713892276450e+03
1.408746754522466972e+03
1.007406019524967633e+03
6.417907885146015587e+02
3.845002231640236801e+02
3.137257484433260402e+02
1.223146858586038888e+03
3.422363955556979818e+02
2.398234725462821189e+03
3.444490111263392009e+03
3.319016912929288537e+03
2.394306678183640088e+03
3.377743749845662933e+03
9.424759742579944941e+02
1.448883918374769110e+03
1.544772276573153931e+03
2.122821154905450669e+02
2.684098121347154233e+02
3.001378555573482458e+02
1.092688334286575582e+03
1.130492759680944346e+03
2.347555586081457477e+03
4.826541350229137606e+03
5.609873658621233972e+02
1.179078517844120370e+03
9.031944977850416763e+02
6.814030851707242391e+02
8.037018234578034708e+02
3.926842991377619455e+03
1.662603798836153828e+03
1.516506539818529291e+03
1.168729793357197650e+03
1.210352700619310554e+03
6.060577719600039472e+02
1.492516267892169253e+03
4.048443780632616722e+02
8.587107211483411220e+02
1.950454090731927636e+03
8.898972125335428700e+02
6.079277969668876267e+02
6.600479049936797082e+01
1.165302503511654550e+03
9.120164833616511260e+02
1.619788910650683420e+03
1.483896293119341863e+03
4.992687562476257312e+01
1.199893737306059847e+03
8.681248713499099949e+02
1.225549832151054716e+03
1.351804917856859447e+03
6.337093489006158507e+02
8.122489857765739316e+02
7.321711863555511854e+02
1.657557783158595612e+03
1.092797488277414232e+03
7.658920018225314834e+02
8.143789576754393238e+02
6.230144603840183208e+02
1.227455125584174311e+03
1.134796243709898135e+03
1.203815067262633193e+03
7.414147981573078141e+02
8.927328028703847451e+01
1.823851125938102768e+03
1.396827112744049145e+03
1.288329461811595593e+03
8.140325410394731307e+02
7.539165675707243963e+02
9.186872407125207474e+02
5.128598100018634796e+02
6.889454205900299257e+02
2.693429514890637506e+02
4.830907489573174871e+02
1.364983997548529260e+02
1.766253892654991660e+02
9.090236826930520238e+02
1.151846351071684012e+03
1.972577411268598325e+03
1.192428652997924928e+03
1.099146299378955831e+02
6.777304793475719862e+02
9.365251473365703987e+02
7.066728406304265491e+02
1.403996774376076246e+03
7.651513298577490332e+02
7.874749257136707570e+01
8.281936519285951590e+02
5.269674793968803215e+02
8.242093811811505475e+02
7.953056391459402903e+02
1.104225918666079224e+03
9.187668389855843998e+01
8.586785517347485666e+02
5.440070995232504174e+02
5.901170616219518479e+02
1.326755595114600283e+03
6.398160404494200293e+02
6.738264418086851038e+02
0.000000000000000000e+00
3.888261937911416908e+02
1.091108200354253540e+03
6.141067436204035630e+02
6.484183054156565049e+02
2.471206704629812521e+03
2.968515597600342062e+02
3.446315916811715852e+02
5.930633196314037150e+02
6.480601429448414592e+02
4.493511238807826089e+02
7.674377660434170139e+02
1.037657128570490158e+03
1.356982525783402934e+03
1.327512640615138025e+03
5.650024844755810136e+02
5.104287264253546255e+02
5.360714417098387230e+02
4.631603578617023800e+02
5.069493151102953448e+02
6.959086108437858229e+02
8.371536411368326753e+02
4.593665527800387167e+02
6.726916740522478904e+02
8.029743243312776713e+02
4.236406603311368144e+02
3.822798477989717298e+02
2.906225318499152195e+02
3.473802082896224306e+02
4.309995904712214951e+02
5.306203037148028443e+02
3.624213183376573966e+02
5.214494311808482507e+02
2.986968955181342835e+02
1.715175150885192807e+03
7.742813146133776172e+02
1.943004621769409368e+03
5.393216387161777448e+02
8.448128443935175937e+02
7.637485997014728127e+02
1.323532460992901633e+03
6.446230607123457048e+02
3.458259810908399459e+02
2.038101872287213041e+02
2.958098533701566879e+01
5.919422800080276659e+01
4.576591728448124172e+02
4.449443581287041525e+02
8.117397328567990371e+02
1.081079775599375353e+03
4.671075694507177900e+02
9.346057968176260147e+02
4.237743910431236714e+02
4.710934163455497696e+02
0.000000000000000000e+00
2.186957994412148309e+02
4.209155062783605672e+02
5.887275417182265755e+02
3.120207505927799048e+02
3.778761101823270678e+02
2.316008906326775332e+02
2.199823360206838174e+02
4.333349156866639191e+02
2.206156573143676951e+02
5.438823581573851698e+02
1.639878460619804912e+02
0.000000000000000000e+00
4.581131003109829294e+02
3.358297864399169157e+02
3.504940778139419422e+02
4.644695312154796625e+02
0.000000000000000000e+00
3.064477272967004637e+02
2.119149393089674334e+02
7.514387822391313421e+02
4.876569448670251745e+02
7.567827928130025157e+02
0.000000000000000000e+00
3.954327335627407365e+02
5.273806112290333203e+02
6.808568670012620032e+02
4.452201973108969923e+02
3.853192829602651273e+02
4.630947899812232436e+02
5.693400946425311986e+02
0.000000000000000000e+00
7.296164386790583194e+02
1.057295179001131828e+03
4.649716236221480585e+02
5.982088931679489860e+02
8.313372804602573751e+02
9.494642002646107812e+02
3.364109745280623542e+02
3.836379271947830603e+02
1.445019933832333436e+03
2.262626865385580459e+03
2.452388019232943407e+03
1.933546356603295180e+03
3.950828215193156439e+02
1.167018308861399419e+03
7.142667359533020317e+02
4.749011595882356005e+02
1.044614626125258837e+03
1.142200819544550995e+03
1.398166997596533065e+03
1.690846639962194047e+02
1.858421106108413881e+02
1.326990002694650741e+02
3.154179982548648127e+02
6.028793138476462445e+02
5.046384037479608509e+01
6.814780246157001784e+02
7.412654243272281747e+02
9.097637466949487361e+02
3.271661010927892477e+01
4.298526871461369865e+02
1.109576955912893709e+03
1.541705331327053159e+02
1.658873418365405428e+01
6.119427638520687651e+02
3.671457680229317333e+01
5.704829929948762128e+02
1.221711087347117939e+02
1.021111987626924588e+03
4.483270596000664909e+02
1.545744246807054765e+02
1.862095352310921328e+02
4.031319675286786719e+02
3.316815154928413904e+03
6.600074024300594147e+02
4.227645985399083202e+02
4.639883440974064115e+02
6.347325737516779327e+02
8.375526626902001226e+02
1.374808601904174338e+03
7.653986670080032582e+02
1.297616655520997710e+03
1.697864648918430021e+03
2.299961866881434617e+03
1.654306751602344320e+03
7.532444965573316153e+01
3.161046447099868715e+02
4.502756357395658142e+02
5.771539246121121778e+02
4.135018600076948587e+02
3.079406891860891733e+02
1.236814136280958110e+03
0.000000000000000000e+00
3.272313899270217235e+02
2.270555924626149249e+02
2.915134929515894555e+02
