2.300000000000000000e+01 1.500000000000000000e+01 1.000000000000000000e+01 5.000000000000000000e+00 8.000000000000000000e+00 6.000000000000000000e+00 1.200000000000000000e+01 9.055950034814766241e+02 3.749892232388270713e+03 4.497015474253960747e+03 4.878048780487805047e-02
2.300000000000000000e+01 1.500000000000000000e+01 1.000000000000000000e+01 5.000000000000000000e+00 8.000000000000000000e+00 6.000000000000000000e+00 1.200000000000000000e+01 1.033255001565067460e+03 3.172901553479380254e+03 3.961469469002217920e+03 6.097560975609755962e-02
2.300000000000000000e+01 1.500000000000000000e+01 1.000000000000000000e+01 5.000000000000000000e+00 8.000000000000000000e+00 6.000000000000000000e+00 1.200000000000000000e+01 9.041436130176691677e+02 3.764848002639519564e+03 4.479730403715067951e+03 4.878048780487805047e-02
2.300000000000000000e+01 1.500000000000000000e+01 1.000000000000000000e+01 5.000000000000000000e+00 8.000000000000000000e+00 6.000000000000000000e+00 1.200000000000000000e+01 9.265153018902498161e+02 3.571600582667322215e+03 4.343133435190478849e+03 6.097560975609755962e-02
2.300000000000000000e+01 1.500000000000000000e+01 1.000000000000000000e+01 5.000000000000000000e+00 8.000000000000000000e+00 6.000000000000000000e+00 1.200000000000000000e+01 9.401415392979812395e+02 3.585200685569792313e+03 4.335630971549953756e+03 6.097560975609755962e-02
2.300000000000000000e+01 1.500000000000000000e+01 1.000000000000000000e+01 5.000000000000000000e+00 8.000000000000000000e+00 6.000000000000000000e+00 1.200000000000000000e+01 9.264918525992268314e+02 3.571629894687400338e+03 4.343109175168255206e+03 6.097560975609755962e-02
2.300000000000000000e+01 1.500000000000000000e+01 1.000000000000000000e+01 5.000000000000000000e+00 8.000000000000000000e+00 6.000000000000000000e+00 1.300000000000000000e+01 9.403497483303943909e+02 3.670595109637817131e+03 4.365462226390784053e+03 6.097560975609755962e-02
2.300000000000000000e+01 1.500000000000000000e+01 1.000000000000000000e+01 5.000000000000000000e+00 8.000000000000000000e+00 6.000000000000000000e+00 1.300000000000000000e+01 9.981553127354455910e+02 3.652965174192663653e+03 4.263808901748336211e+03 6.097560975609755962e-02
2.300000000000000000e+01 1.500000000000000000e+01 1.000000000000000000e+01 5.000000000000000000e+00 8.000000000000000000e+00 6.000000000000000000e+00 1.300000000000000000e+01 9.980148310347912002e+02 3.652647878118801600e+03 4.264228011075842005e+03 6.097560975609755962e-02
2.300000000000000000e+01 1.500000000000000000e+01 1.000000000000000000e+01 5.000000000000000000e+00 8.000000000000000000e+00 6.000000000000000000e+00 1.200000000000000000e+01 1.052375555935284865e+03 3.076599021319973872e+03 3.863210889833776946e+03 4.878048780487805047e-02
2.300000000000000000e+01 1.500000000000000000e+01 1.000000000000000000e+01 5.000000000000000000e+00 8.000000000000000000e+00 6.000000000000000000e+00 1.200000000000000000e+01 9.581641277452225722e+02 3.642207104619035817e+03 4.348730867696032874e+03 6.097560975609755962e-02
2.300000000000000000e+01 1.500000000000000000e+01 1.000000000000000000e+01 5.000000000000000000e+00 8.000000000000000000e+00 6.000000000000000000e+00 1.200000000000000000e+01 9.581460685143458704e+02 3.642182690477979122e+03 4.348714448260804602e+03 6.097560975609755962e-02
