1.094774365183989403e+03 4.129995013545611073e+03 4.863381111701004556e+03 4.545454545454545581e-02 2.159090909090909116e-01 2.272727272727272652e-01 1.136363636363636395e-02 0.000000000000000000e+00
1.080865816154827598e+03 4.124804803857431580e+03 5.006312560084528741e+03 4.545454545454545581e-02 2.045454545454545581e-01 2.386363636363636465e-01 1.136363636363636395e-02 0.000000000000000000e+00
1.094778272568017655e+03 4.129811336502929407e+03 4.863140309157262891e+03 4.545454545454545581e-02 2.159090909090909116e-01 2.272727272727272652e-01 1.136363636363636395e-02 0.000000000000000000e+00
1.122318016992324146e+03 4.134122901635952076e+03 5.086265068821136083e+03 5.555555555555555247e-02 1.666666666666666574e-01 2.444444444444444364e-01 3.333333333333333287e-02 0.000000000000000000e+00
1.135924579940403646e+03 4.261625929313224333e+03 5.089860996579014682e+03 5.555555555555555247e-02 1.777777777777777846e-01 2.333333333333333370e-01 3.333333333333333287e-02 0.000000000000000000e+00
1.122228930721714278e+03 4.134290413447457468e+03 5.086385545858575824e+03 5.555555555555555247e-02 1.666666666666666574e-01 2.444444444444444364e-01 3.333333333333333287e-02 0.000000000000000000e+00
9.866185699003704030e+02 4.438507446246938343e+03 4.990167670592440118e+03 6.666666666666666574e-02 1.777777777777777846e-01 2.222222222222222099e-01 3.333333333333333287e-02 0.000000000000000000e+00
1.180874620963135158e+03 4.420463482134870901e+03 4.960432755973908570e+03 6.666666666666666574e-02 1.666666666666666574e-01 2.222222222222222099e-01 4.444444444444444614e-02 0.000000000000000000e+00
1.196347059808506629e+03 4.195929068876112979e+03 4.983408832458616416e+03 4.444444444444444614e-02 1.888888888888888840e-01 2.333333333333333370e-01 3.333333333333333287e-02 0.000000000000000000e+00
1.153576680473971237e+03 4.073744655479345511e+03 4.820606449084493761e+03 5.555555555555555247e-02 2.111111111111111105e-01 2.111111111111111105e-01 2.222222222222222307e-02 0.000000000000000000e+00
1.153546352576268646e+03 4.073768906770645117e+03 4.820381457847279307e+03 5.555555555555555247e-02 2.111111111111111105e-01 2.111111111111111105e-01 2.222222222222222307e-02 0.000000000000000000e+00
1.093500695525494166e+03 4.446205550492059047e+03 5.147354136522084445e+03 6.666666666666666574e-02 1.888888888888888840e-01 1.888888888888888840e-01 5.555555555555555247e-02 0.000000000000000000e+00
