1.544017969052194758e+03 5.174980200915784735e+03 6.069395538852487334e+03 6.122448979591836593e-02 1.632653061224489666e-01 1.734693877551020391e-01 1.020408163265306145e-01 0.000000000000000000e+00
1.544031491152778017e+03 5.174943389560355172e+03 6.069407686041766283e+03 6.122448979591836593e-02 1.632653061224489666e-01 1.734693877551020391e-01 1.020408163265306145e-01 0.000000000000000000e+00
1.544017241737417635e+03 5.174983375871783210e+03 6.069342434774562207e+03 6.122448979591836593e-02 1.632653061224489666e-01 1.734693877551020391e-01 1.020408163265306145e-01 0.000000000000000000e+00
1.560587225685872909e+03 4.859644219655355300e+03 6.142885159367018787e+03 6.122448979591836593e-02 1.530612244897959218e-01 2.142857142857142738e-01 7.142857142857142461e-02 0.000000000000000000e+00
1.560688325855096991e+03 4.859425721046382023e+03 6.142661360476553455e+03 6.122448979591836593e-02 1.530612244897959218e-01 2.142857142857142738e-01 7.142857142857142461e-02 0.000000000000000000e+00
1.560643490296800792e+03 4.859355538017201980e+03 6.142544722108246788e+03 6.122448979591836593e-02 1.530612244897959218e-01 2.142857142857142738e-01 7.142857142857142461e-02 0.000000000000000000e+00
1.682355185742650065e+03 4.577837564522780667e+03 5.546096880375407636e+03 4.081632653061224164e-02 1.836734693877551117e-01 2.448979591836734637e-01 3.061224489795918297e-02 0.000000000000000000e+00
1.682320199643651222e+03 4.578098466801757240e+03 5.545963426335010809e+03 4.081632653061224164e-02 1.836734693877551117e-01 2.448979591836734637e-01 3.061224489795918297e-02 0.000000000000000000e+00
1.572787680667422592e+03 4.883566676301782536e+03 5.652057752467554565e+03 6.122448979591836593e-02 1.530612244897959218e-01 2.346938775510204189e-01 5.102040816326530726e-02 0.000000000000000000e+00
1.518245843851712607e+03 5.083064561635022983e+03 6.115068103585299468e+03 6.122448979591836593e-02 1.836734693877551117e-01 1.836734693877551117e-01 7.142857142857142461e-02 0.000000000000000000e+00
1.567926564838562854e+03 4.642994113236934936e+03 5.615807334211703164e+03 6.122448979591836593e-02 1.632653061224489666e-01 2.244897959183673464e-01 5.102040816326530726e-02 0.000000000000000000e+00
1.512254308895742724e+03 5.112672914993459017e+03 6.084936450171899196e+03 6.122448979591836593e-02 1.734693877551020391e-01 1.938775510204081565e-01 7.142857142857142461e-02 0.000000000000000000e+00
