2.800000000000000000e+01 1.900000000000000000e+01 9.000000000000000000e+00 8.000000000000000000e+00 1.300000000000000000e+01 9.000000000000000000e+00 1.500000000000000000e+01 1.544017969052194758e+03 5.174980200915784735e+03 6.069395538852487334e+03 6.122448979591836593e-02
2.800000000000000000e+01 1.900000000000000000e+01 9.000000000000000000e+00 8.000000000000000000e+00 1.300000000000000000e+01 9.000000000000000000e+00 1.500000000000000000e+01 1.544031491152778017e+03 5.174943389560355172e+03 6.069407686041766283e+03 6.122448979591836593e-02
2.800000000000000000e+01 1.900000000000000000e+01 9.000000000000000000e+00 8.000000000000000000e+00 1.300000000000000000e+01 9.000000000000000000e+00 1.500000000000000000e+01 1.544017241737417635e+03 5.174983375871783210e+03 6.069342434774562207e+03 6.122448979591836593e-02
2.800000000000000000e+01 1.900000000000000000e+01 9.000000000000000000e+00 8.000000000000000000e+00 1.300000000000000000e+01 9.000000000000000000e+00 1.500000000000000000e+01 1.560587225685872909e+03 4.859644219655355300e+03 6.142885159367018787e+03 6.122448979591836593e-02
2.800000000000000000e+01 1.900000000000000000e+01 9.000000000000000000e+00 8.000000000000000000e+00 1.300000000000000000e+01 9.000000000000000000e+00 1.500000000000000000e+01 1.560688325855096991e+03 4.859425721046382023e+03 6.142661360476553455e+03 6.122448979591836593e-02
2.800000000000000000e+01 1.900000000000000000e+01 9.000000000000000000e+00 8.000000000000000000e+00 1.300000000000000000e+01 9.000000000000000000e+00 1.500000000000000000e+01 1.560643490296800792e+03 4.859355538017201980e+03 6.142544722108246788e+03 6.122448979591836593e-02
2.800000000000000000e+01 1.900000000000000000e+01 9.000000000000000000e+00 8.000000000000000000e+00 1.300000000000000000e+01 9.000000000000000000e+00 1.600000000000000000e+01 1.682355185742650065e+03 4.577837564522780667e+03 5.546096880375407636e+03 4.081632653061224164e-02
2.800000000000000000e+01 1.900000000000000000e+01 9.000000000000000000e+00 8.000000000000000000e+00 1.300000000000000000e+01 9.000000000000000000e+00 1.600000000000000000e+01 1.682320199643651222e+03 4.578098466801757240e+03 5.545963426335010809e+03 4.081632653061224164e-02
2.800000000000000000e+01 1.900000000000000000e+01 9.000000000000000000e+00 8.000000000000000000e+00 1.300000000000000000e+01 9.000000000000000000e+00 1.600000000000000000e+01 1.572787680667422592e+03 4.883566676301782536e+03 5.652057752467554565e+03 6.122448979591836593e-02
2.800000000000000000e+01 1.900000000000000000e+01 9.000000000000000000e+00 8.000000000000000000e+00 1.300000000000000000e+01 9.000000000000000000e+00 1.500000000000000000e+01 1.518245843851712607e+03 5.083064561635022983e+03 6.115068103585299468e+03 6.122448979591836593e-02
2.800000000000000000e+01 1.900000000000000000e+01 9.000000000000000000e+00 8.000000000000000000e+00 1.300000000000000000e+01 9.000000000000000000e+00 1.500000000000000000e+01 1.567926564838562854e+03 4.642994113236934936e+03 5.615807334211703164e+03 6.122448979591836593e-02
2.800000000000000000e+01 1.900000000000000000e+01 9.000000000000000000e+00 8.000000000000000000e+00 1.300000000000000000e+01 9.000000000000000000e+00 1.500000000000000000e+01 1.512254308895742724e+03 5.112672914993459017e+03 6.084936450171899196e+03 6.122448979591836593e-02
